19; 7; 18; 3; 9; 2; 6; 14; 20; 13; 12; 5; 11; 16; 17; 4; 10; 15; 8
23; 24; 28; 32; 38; 34; 22; 31; 37; 36; 21; 29; 26; 25; 27; 30; 33; 35
45; 50; 52; 51; 49; 46; 47; 43; 39; 44; 48; 41; 42; 40
69; 56; 55; 54; 65; 60; 68; 58; 57; 66; 62; 67; 61; 64; 63; 59; 53
75; 70; 72; 74; 79; 76; 81; 77; 71; 80; 78; 82; 73
99; 97; 95; 86; 90; 91; 92; 88; 96; 85; 100; 94; 84; 83; 87; 93; 89; 98
115; 116; 106; 104; 111; 117; 112; 101; 110; 103; 114; 109; 108; 102; 113; 105; 107
125; 128; 120; 124; 132; 136; 127; 135; 134; 130; 133; 129; 131; 119; 121; 126; 122; 118; 123
149; 143; 147; 148; 138; 137; 151; 154; 140; 146; 145; 150; 144; 142; 153; 139; 141; 152
162; 175; 172; 165; 167; 155; 160; 156; 168; 174; 157; 159; 170; 169; 164; 173; 171; 158; 161; 166; 176; 163
190; 179; 177; 193; 185; 196; 186; 182; 192; 191; 198; 189; 195; 180; 183; 181; 184; 194; 187; 188; 197; 178
200; 216; 215; 204; 212; 210; 208; 213; 199; 214; 209; 202; 217; 201; 207; 205; 211; 203; 206
229; 223; 224; 218; 219; 231; 225; 220; 227; 226; 221; 222; 228; 230
250; 236; 233; 240; 248; 252; 244; 241; 235; 247; 242; 237; 239; 234; 238; 246; 243; 249; 245; 232; 251
259; 274; 276; 277; 254; 264; 257; 273; 271; 266; 263; 267; 258; 268; 260; 255; 256; 269; 270; 272; 275; 253; 265; 261; 262
290; 281; 279; 294; 297; 298; 286; 291; 287; 295; 284; 278; 280; 282; 283; 289; 296; 285; 293; 292; 288
304; 300; 306; 308; 307; 305; 299; 309; 303; 302; 301
316; 325; 326; 310; 311; 328; 327; 312; 313; 320; 318; 317; 321; 330; 319; 314; 323; 322; 324; 315; 329
337; 345; 339; 340; 350; 336; 348; 347; 331; 342; 335; 349; 346; 344; 343; 334; 332; 333; 338; 341
362; 368; 364; 369; 358; 359; 372; 361; 352; 353; 366; 370; 365; 371; 357; 356; 363; 360; 367; 355; 351; 374; 373; 354
385; 376; 382; 384; 387; 377; 378; 380; 375; 379; 381; 386; 383
392; 398; 393; 400; 397; 391; 394; 389; 405; 390; 402; 396; 404; 399; 403; 388; 406; 395; 401
420; 422; 419; 407; 408; 424; 410; 421; 413; 416; 417; 415; 418; 414; 411; 423; 409; 412
432; 436; 439; 428; 427; 426; 435; 425; 434; 431; 433; 430; 438; 429; 437
446; 442; 449; 443; 448; 440; 452; 444; 454; 455; 453; 441; 451; 447; 450; 445
458; 456; 460; 469; 468; 462; 465; 459; 461; 463; 457; 466; 467; 464
487; 475; 473; 485; 472; 483; 482; 486; 471; 478; 474; 480; 477; 479; 481; 470; 484; 476
490; 499; 491; 500; 509; 501; 508; 496; 488; 507; 503; 497; 504; 493; 495; 498; 502; 489; 506; 492; 494; 505
521; 522; 511; 519; 518; 520; 524; 512; 525; 515; 516; 514; 526; 513; 510; 523; 517
533; 536; 529; 532; 527; 538; 534; 537; 535; 531; 530; 528
542; 541; 553; 552; 539; 544; 555; 547; 545; 540; 543; 549; 550; 551; 548; 546; 554
569; 564; 558; 561; 567; 560; 568; 565; 556; 566; 570; 562; 559; 563; 557
574; 585; 581; 579; 584; 580; 577; 586; 575; 571; 589; 587; 588; 591; 576; 590; 572; 573; 582; 583; 578
597; 598; 602; 592; 605; 600; 606; 593; 603; 601; 596; 594; 607; 604; 595; 599
612; 609; 616; 610; 608; 614; 619; 613; 618; 620; 615; 617; 611
636; 622; 635; 621; 624; 638; 630; 632; 639; 629; 637; 633; 625; 623; 634; 626; 627; 631; 628
650; 658; 652; 657; 642; 649; 655; 651; 640; 659; 641; 653; 660; 643; 661; 647; 648; 646; 645; 654; 656; 644
672; 663; 669; 670; 664; 662; 673; 666; 671; 675; 674; 667; 676; 668; 665
679; 677; 687; 680; 681; 690; 685; 689; 684; 686; 682; 683; 688; 678
696; 707; 703; 699; 702; 692; 698; 693; 700; 695; 705; 701; 694; 704; 691; 697; 706
718; 715; 710; 723; 720; 724; 716; 725; 722; 717; 719; 714; 708; 713; 721; 712; 709; 711
738; 740; 731; 728; 729; 732; 736; 735; 730; 727; 741; 734; 737; 739; 733; 726
747; 749; 754; 756; 755; 745; 751; 758; 742; 753; 743; 750; 746; 757; 752; 744; 759; 748
768; 775; 774; 772; 761; 764; 779; 762; 769; 780; 765; 760; 778; 767; 770; 777; 763; 771; 776; 766; 773
788; 790; 798; 796; 782; 792; 783; 786; 784; 801; 789; 793; 800; 794; 797; 795; 787; 802; 785; 791; 781; 799
803; 808; 813; 822; 818; 820; 809; 817; 804; 805; 810; 814; 819; 811; 821; 816; 806; 807; 815; 812
829; 823; 826; 835; 824; 827; 830; 836; 840; 837; 833; 834; 839; 832; 828; 825; 831; 838
842; 851; 850; 856; 857; 855; 844; 843; 853; 854; 848; 849; 847; 846; 852; 858; 841; 845
869; 874; 880; 861; 875; 872; 867; 873; 879; 878; 870; 876; 877; 868; 883; 865; 859; 863; 882; 860; 866; 864; 862; 881; 871
892; 899; 898; 889; 896; 893; 887; 897; 886; 891; 895; 884; 894; 885; 888; 890
911; 907; 905; 909; 910; 912; 900; 906; 908; 903; 901; 904; 902
923; 920; 930; 919; 926; 917; 921; 924; 928; 927; 913; 916; 922; 915; 925; 914; 918; 929
941; 947; 944; 935; 940; 943; 946; 942; 938; 945; 948; 931; 937; 934; 939; 936; 932; 933
954; 966; 964; 955; 958; 961; 965; 956; 957; 962; 950; 951; 949; 960; 953; 952; 959; 963
973; 972; 982; 977; 968; 971; 975; 978; 967; 970; 976; 980; 979; 974; 983; 969; 981
998; 984; 985; 993; 996; 989; 987; 990; 1003; 992; 997; 999; 1002; 1000; 991; 994; 995; 1001; 986; 988
1009; 1008; 1006; 1020; 1016; 1019; 1004; 1007; 1015; 1014; 1010; 1011; 1022; 1012; 1013; 1017; 1021; 1005; 1018
1025; 1032; 1024; 1037; 1039; 1038; 1035; 1026; 1028; 1027; 1031; 1030; 1029; 1036; 1040; 1034; 1033; 1023
1057; 1050; 1046; 1045; 1059; 1041; 1052; 1044; 1051; 1055; 1056; 1063; 1042; 1054; 1062; 1048; 1061; 1058; 1060; 1043; 1047; 1049; 1053
1072; 1065; 1076; 1075; 1073; 1074; 1067; 1077; 1071; 1070; 1068; 1066; 1069; 1064
1100; 1101; 1096; 1095; 1086; 1088; 1092; 1091; 1081; 1089; 1080; 1093; 1099; 1082; 1079; 1098; 1097; 1084; 1085; 1083; 1090; 1102; 1094; 1078; 1087
1104; 1103; 1123; 1116; 1121; 1111; 1113; 1120; 1122; 1117; 1105; 1118; 1115; 1124; 1107; 1112; 1108; 1110; 1109; 1119; 1106; 1114
1129; 1125; 1130; 1126; 1135; 1133; 1132; 1137; 1127; 1136; 1128; 1138; 1134; 1131; 1139
1147; 1149; 1144; 1141; 1152; 1142; 1151; 1146; 1153; 1150; 1154; 1140; 1143; 1145; 1148
1163; 1171; 1168; 1157; 1158; 1159; 1166; 1169; 1165; 1170; 1155; 1161; 1164; 1160; 1162; 1156; 1167; 1172
1191; 1173; 1185; 1192; 1187; 1179; 1193; 1177; 1176; 1188; 1186; 1184; 1189; 1190; 1182; 1183; 1174; 1180; 1175; 1181; 1178
1200; 1201; 1210; 1208; 1194; 1196; 1202; 1197; 1198; 1207; 1211; 1206; 1209; 1195; 1199; 1205; 1203; 1204
1218; 1212; 1219; 1215; 1213; 1216; 1217; 1214
1234; 1220; 1236; 1235; 1229; 1231; 1230; 1223; 1221; 1224; 1232; 1222; 1226; 1228; 1233; 1225; 1227
1241; 1247; 1249; 1256; 1252; 1251; 1254; 1250; 1240; 1244; 1248; 1243; 1237; 1238; 1239; 1245; 1255; 1246; 1242; 1253
1266; 1268; 1261; 1273; 1269; 1264; 1258; 1260; 1271; 1267; 1259; 1272; 1263; 1265; 1262; 1270; 1257
1290; 1285; 1288; 1291; 1284; 1287; 1279; 1274; 1278; 1286; 1289; 1283; 1282; 1280; 1275; 1281; 1276; 1277
1292; 1296; 1303; 1298; 1301; 1305; 1293; 1299; 1304; 1300; 1297; 1306; 1295; 1307; 1302; 1294
1310; 1308; 1309; 1322; 1315; 1319; 1317; 1313; 1323; 1320; 1312; 1324; 1321; 1311; 1316; 1314; 1318; 1325
1326; 1342; 1329; 1328; 1340; 1336; 1331; 1341; 1335; 1327; 1339; 1334; 1330; 1337; 1338; 1333; 1332
1349; 1350; 1360; 1351; 1343; 1356; 1354; 1358; 1348; 1355; 1352; 1347; 1359; 1353; 1345; 1357; 1346; 1344
1364; 1373; 1367; 1372; 1370; 1365; 1363; 1362; 1366; 1368; 1369; 1361; 1371
1375; 1390; 1377; 1386; 1376; 1381; 1384; 1382; 1391; 1385; 1387; 1389; 1383; 1380; 1388; 1378; 1374; 1379
1392; 1395; 1401; 1393; 1405; 1407; 1396; 1394; 1404; 1402; 1400; 1399; 1398; 1408; 1397; 1403; 1406
1419; 1414; 1417; 1420; 1425; 1411; 1422; 1418; 1410; 1424; 1409; 1413; 1423; 1416; 1426; 1427; 1415; 1421; 1412
1433; 1436; 1437; 1432; 1441; 1440; 1442; 1435; 1443; 1429; 1428; 1439; 1434; 1430; 1438; 1431
1447; 1453; 1450; 1454; 1452; 1449; 1445; 1446; 1444; 1455; 1448; 1451
1461; 1458; 1456; 1465; 1468; 1469; 1460; 1474; 1476; 1466; 1459; 1471; 1462; 1470; 1467; 1472; 1457; 1473; 1475; 1464; 1463
1491; 1477; 1492; 1493; 1496; 1490; 1485; 1489; 1481; 1482; 1494; 1480; 1483; 1484; 1495; 1488; 1487; 1486; 1478; 1479
1497; 1504; 1513; 1511; 1512; 1506; 1498; 1509; 1510; 1508; 1500; 1505; 1503; 1507; 1501; 1499; 1502
1521; 1522; 1515; 1516; 1514; 1518; 1519; 1517; 1520
1525; 1523; 1539; 1540; 1531; 1529; 1533; 1534; 1530; 1526; 1535; 1532; 1536; 1538; 1528; 1527; 1537; 1524
1553; 1558; 1544; 1549; 1552; 1556; 1550; 1541; 1551; 1557; 1555; 1559; 1542; 1547; 1548; 1545; 1554; 1543; 1546
1576; 1575; 1573; 1568; 1572; 1569; 1560; 1570; 1571; 1567; 1564; 1566; 1577; 1562; 1561; 1574; 1563; 1565
1591; 1592; 1593; 1580; 1594; 1589; 1590; 1586; 1584; 1583; 1581; 1588; 1582; 1579; 1585; 1587; 1578
1597; 1604; 1599; 1605; 1600; 1609; 1608; 1607; 1601; 1602; 1610; 1598; 1596; 1614; 1613; 1606; 1612; 1595; 1615; 1603; 1611
1616; 1628; 1638; 1617; 1623; 1624; 1633; 1634; 1619; 1637; 1629; 1621; 1630; 1626; 1636; 1620; 1635; 1631; 1627; 1618; 1625; 1622; 1632
1644; 1647; 1656; 1642; 1653; 1641; 1652; 1643; 1639; 1645; 1640; 1650; 1651; 1646; 1655; 1654; 1648; 1649
1666; 1661; 1658; 1659; 1667; 1663; 1668; 1657; 1671; 1669; 1665; 1664; 1662; 1670; 1660
1680; 1678; 1681; 1673; 1675; 1674; 1672; 1677; 1676; 1679
1699; 1685; 1687; 1684; 1698; 1697; 1682; 1690; 1702; 1695; 1693; 1694; 1696; 1700; 1689; 1691; 1683; 1688; 1701; 1686; 1692
1704; 1706; 1715; 1703; 1709; 1723; 1707; 1713; 1720; 1716; 1719; 1718; 1711; 1705; 1710; 1717; 1712; 1721; 1722; 1714; 1708
1739; 1733; 1728; 1734; 1731; 1740; 1738; 1727; 1726; 1735; 1729; 1737; 1732; 1730; 1741; 1736; 1724; 1725
1743; 1750; 1751; 1752; 1748; 1756; 1753; 1744; 1755; 1746; 1745; 1749; 1754; 1747; 1742
1760; 1767; 1778; 1761; 1759; 1758; 1774; 1771; 1779; 1775; 1765; 1762; 1757; 1763; 1772; 1776; 1770; 1768; 1766; 1764; 1769; 1773; 1777
1793; 1794; 1795; 1792; 1797; 1796; 1783; 1786; 1788; 1781; 1785; 1784; 1782; 1791; 1780; 1787; 1790; 1789
1804; 1813; 1810; 1805; 1800; 1803; 1808; 1806; 1809; 1802; 1807; 1816; 1799; 1815; 1811; 1798; 1814; 1801; 1812
1832; 1829; 1822; 1819; 1823; 1827; 1830; 1821; 1820; 1817; 1826; 1828; 1834; 1818; 1831; 1833; 1825; 1824
1841; 1849; 1843; 1842; 1838; 1848; 1850; 1839; 1836; 1835; 1847; 1846; 1844; 1845; 1840; 1837
1855; 1856; 1864; 1860; 1852; 1867; 1863; 1866; 1858; 1859; 1865; 1861; 1853; 1868; 1857; 1851; 1854; 1862
1879; 1869; 1886; 1880; 1876; 1884; 1885; 1873; 1882; 1874; 1875; 1881; 1872; 1871; 1887; 1883; 1878; 1877; 1870
1903; 1897; 1901; 1906; 1890; 1888; 1904; 1891; 1894; 1902; 1896; 1895; 1889; 1892; 1893; 1900; 1905; 1898; 1899
1912; 1909; 1922; 1921; 1914; 1920; 1915; 1923; 1924; 1913; 1908; 1911; 1916; 1917; 1919; 1918; 1907; 1910
1933; 1931; 1940; 1939; 1930; 1934; 1932; 1929; 1925; 1938; 1935; 1941; 1936; 1926; 1928; 1942; 1927; 1937
1948; 1945; 1952; 1960; 1946; 1954; 1950; 1951; 1958; 1949; 1943; 1944; 1957; 1955; 1959; 1956; 1953; 1961; 1947
1966; 1969; 1964; 1962; 1970; 1979; 1968; 1965; 1975; 1978; 1963; 1974; 1977; 1973; 1972; 1967; 1971; 1976
1991; 1992; 1996; 1989; 2000; 1983; 1986; 1987; 1981; 2001; 1993; 1999; 1988; 1995; 1994; 1997; 1998; 1982; 1990; 1980; 1985; 2002; 1984
2010; 2022; 2015; 2004; 2011; 2020; 2009; 2019; 2025; 2023; 2016; 2013; 2018; 2006; 2017; 2021; 2005; 2024; 2007; 2014; 2026; 2003; 2012; 2008
2043; 2036; 2035; 2045; 2046; 2042; 2047; 2044; 2038; 2033; 2029; 2028; 2037; 2039; 2031; 2032; 2027; 2034; 2040; 2041; 2030
2049; 2065; 2052; 2057; 2048; 2051; 2056; 2050; 2060; 2053; 2064; 2061; 2058; 2062; 2054; 2059; 2055; 2063
2079; 2071; 2069; 2072; 2074; 2068; 2073; 2066; 2080; 2067; 2076; 2077; 2075; 2078; 2070
2095; 2088; 2085; 2096; 2097; 2089; 2091; 2082; 2099; 2092; 2093; 2086; 2100; 2094; 2083; 2084; 2081; 2090; 2087; 2098
2112; 2101; 2109; 2104; 2113; 2108; 2105; 2103; 2110; 2111; 2115; 2107; 2114; 2106; 2102
2131; 2122; 2124; 2133; 2130; 2125; 2118; 2128; 2126; 2117; 2127; 2123; 2132; 2116; 2119; 2120; 2121; 2129; 2134
2143; 2148; 2153; 2146; 2147; 2136; 2149; 2139; 2142; 2151; 2141; 2144; 2138; 2140; 2152; 2150; 2145; 2154; 2137; 2135
2174; 2177; 2155; 2158; 2170; 2176; 2159; 2168; 2171; 2172; 2161; 2164; 2162; 2157; 2169; 2173; 2175; 2160; 2165; 2156; 2166; 2163; 2167
2178; 2191; 2195; 2185; 2192; 2188; 2193; 2196; 2181; 2182; 2186; 2190; 2183; 2187; 2194; 2184; 2179; 2180; 2189
2197; 2203; 2199; 2207; 2200; 2201; 2206; 2198; 2202; 2205; 2204
2211; 2208; 2220; 2214; 2227; 2228; 2212; 2215; 2213; 2209; 2226; 2224; 2210; 2222; 2218; 2221; 2219; 2223; 2225; 2217; 2216
2244; 2245; 2235; 2242; 2249; 2233; 2247; 2229; 2238; 2246; 2243; 2236; 2232; 2231; 2241; 2239; 2240; 2234; 2248; 2230; 2237
2270; 2250; 2256; 2263; 2260; 2264; 2254; 2251; 2272; 2255; 2261; 2257; 2271; 2269; 2258; 2267; 2265; 2252; 2259; 2253; 2268; 2262; 2266
2286; 2278; 2288; 2277; 2284; 2283; 2274; 2289; 2282; 2281; 2287; 2280; 2273; 2285; 2279; 2276; 2275
2293; 2292; 2295; 2291; 2290; 2297; 2296; 2294
2298; 2299
2301; 2309; 2317; 2308; 2318; 2314; 2319; 2307; 2312; 2320; 2306; 2311; 2315; 2310; 2316; 2321; 2313; 2305; 2303; 2300; 2302; 2322; 2304
2341; 2334; 2333; 2331; 2325; 2343; 2330; 2327; 2326; 2340; 2338; 2323; 2332; 2337; 2339; 2336; 2324; 2335; 2342; 2328; 2329
2357; 2359; 2354; 2348; 2352; 2356; 2350; 2360; 2349; 2345; 2346; 2353; 2351; 2361; 2344; 2347; 2358; 2355
2365; 2372; 2367; 2363; 2379; 2380; 2375; 2376; 2373; 2364; 2378; 2377; 2370; 2362; 2368; 2381; 2371; 2369; 2374; 2366
2385; 2393; 2383; 2398; 2384; 2391; 2394; 2387; 2397; 2395; 2396; 2382; 2388; 2390; 2389; 2392; 2386
2406; 2412; 2404; 2414; 2415; 2400; 2399; 2409; 2405; 2410; 2403; 2407; 2408; 2401; 2411; 2402; 2413
2427; 2421; 2423; 2425; 2430; 2416; 2418; 2417; 2419; 2431; 2428; 2420; 2429; 2422; 2426; 2424
2434; 2437; 2435; 2440; 2442; 2436; 2439; 2432; 2433; 2441; 2438
2448; 2455; 2460; 2449; 2452; 2444; 2454; 2461; 2446; 2459; 2458; 2443; 2453; 2451; 2447; 2457; 2450; 2456; 2445; 2462
2477; 2479; 2470; 2464; 2480; 2478; 2475; 2474; 2466; 2473; 2472; 2465; 2463; 2476; 2471; 2467; 2468; 2469
2491; 2496; 2488; 2490; 2482; 2494; 2484; 2485; 2492; 2487; 2481; 2483; 2493; 2489; 2495; 2486
2502; 2509; 2505; 2512; 2503; 2507; 2513; 2499; 2497; 2500; 2511; 2501; 2506; 2510; 2498; 2504; 2508
2527; 2520; 2531; 2515; 2523; 2530; 2519; 2518; 2516; 2521; 2522; 2533; 2528; 2534; 2529; 2524; 2532; 2514; 2525; 2517; 2526
2537; 2541; 2542; 2543; 2535; 2549; 2551; 2545; 2544; 2536; 2546; 2539; 2553; 2547; 2552; 2548; 2550; 2538; 2540
2569; 2565; 2561; 2566; 2564; 2573; 2557; 2562; 2563; 2568; 2567; 2560; 2554; 2559; 2571; 2558; 2556; 2555; 2572; 2570
2577; 2579; 2576; 2578; 2582; 2580; 2581; 2584; 2574; 2583; 2575
2599; 2588; 2602; 2593; 2596; 2601; 2591; 2592; 2600; 2586; 2590; 2585; 2598; 2597; 2594; 2589; 2604; 2587; 2603; 2595
2609; 2616; 2611; 2608; 2606; 2614; 2617; 2613; 2610; 2615; 2607; 2612; 2618; 2605; 2619
2630; 2631; 2633; 2621; 2625; 2634; 2640; 2624; 2629; 2632; 2635; 2628; 2636; 2641; 2626; 2623; 2622; 2637; 2638; 2627; 2639; 2620
2657; 2645; 2656; 2650; 2646; 2643; 2652; 2658; 2654; 2642; 2647; 2653; 2648; 2651; 2644; 2649; 2655; 2659
2675; 2672; 2662; 2673; 2666; 2660; 2665; 2669; 2668; 2674; 2676; 2671; 2664; 2670; 2667; 2661; 2663
2679; 2689; 2678; 2680; 2684; 2692; 2683; 2681; 2690; 2677; 2693; 2691; 2685; 2682; 2687; 2686; 2688
2695; 2703; 2710; 2707; 2699; 2706; 2709; 2700; 2712; 2696; 2702; 2698; 2694; 2711; 2705; 2708; 2704; 2701; 2697
2729; 2721; 2724; 2715; 2714; 2727; 2720; 2718; 2725; 2730; 2728; 2731; 2713; 2723; 2722; 2716; 2726; 2717; 2719
2743; 2732; 2737; 2733; 2740; 2738; 2736; 2741; 2742; 2734; 2744; 2739; 2735
2745; 2746; 2750; 2753; 2758; 2756; 2755; 2761; 2754; 2748; 2757; 2760; 2752; 2749; 2759; 2751; 2747
2764; 2772; 2777; 2779; 2778; 2765; 2762; 2774; 2763; 2766; 2768; 2771; 2775; 2770; 2773; 2776; 2769; 2780; 2767
2781; 2790; 2800; 2798; 2785; 2796; 2795; 2784; 2788; 2797; 2791; 2789; 2782; 2792; 2787; 2793; 2794; 2799; 2783; 2786
2802; 2810; 2809; 2808; 2815; 2811; 2804; 2807; 2812; 2813; 2801; 2814; 2805; 2806; 2803
2821; 2828; 2826; 2830; 2824; 2827; 2829; 2816; 2825; 2818; 2823; 2831; 2820; 2819; 2832; 2822; 2817
2845; 2847; 2841; 2839; 2833; 2844; 2852; 2840; 2834; 2842; 2835; 2838; 2850; 2843; 2848; 2846; 2837; 2851; 2836; 2849
2866; 2861; 2871; 2863; 2862; 2864; 2873; 2869; 2853; 2870; 2859; 2856; 2854; 2855; 2868; 2860; 2867; 2872; 2865; 2874; 2857; 2858
2884; 2880; 2881; 2879; 2886; 2882; 2887; 2876; 2875; 2885; 2878; 2877; 2883
2899; 2896; 2890; 2897; 2892; 2894; 2900; 2901; 2893; 2895; 2898; 2891; 2888; 2889
2907; 2914; 2913; 2912; 2911; 2906; 2902; 2915; 2909; 2916; 2908; 2910; 2918; 2903; 2904; 2919; 2905; 2917
2938; 2925; 2932; 2928; 2939; 2921; 2929; 2937; 2926; 2922; 2931; 2924; 2930; 2923; 2936; 2935; 2934; 2933; 2927; 2920
2947; 2948; 2954; 2953; 2940; 2952; 2955; 2950; 2943; 2941; 2945; 2958; 2949; 2956; 2946; 2951; 2942; 2957; 2944; 2959
2963; 2971; 2969; 2972; 2962; 2970; 2964; 2965; 2961; 2966; 2968; 2960; 2973; 2967
2976; 2983; 2975; 2980; 2987; 2978; 2985; 2986; 2988; 2979; 2974; 2982; 2977; 2984; 2989; 2981
2991; 2997; 3002; 3001; 2993; 3008; 3007; 2995; 2992; 2998; 2996; 3006; 2990; 3005; 3009; 2999; 3003; 2994; 3011; 3004; 3010; 3000
3027; 3012; 3024; 3021; 3015; 3023; 3017; 3014; 3028; 3013; 3016; 3025; 3029; 3020; 3026; 3019; 3018; 3022
3037; 3044; 3033; 3042; 3039; 3045; 3036; 3034; 3030; 3035; 3041; 3032; 3049; 3038; 3031; 3043; 3047; 3048; 3046; 3040
3059; 3066; 3057; 3052; 3060; 3061; 3068; 3062; 3069; 3055; 3054; 3064; 3067; 3051; 3063; 3053; 3070; 3058; 3056; 3050; 3071; 3065
3073; 3079; 3083; 3076; 3078; 3077; 3075; 3072; 3082; 3074; 3081; 3084; 3080
3095; 3101; 3087; 3090; 3088; 3086; 3094; 3093; 3097; 3096; 3092; 3089; 3091; 3099; 3098; 3102; 3100; 3085
3121; 3118; 3117; 3111; 3105; 3116; 3107; 3103; 3115; 3104; 3120; 3110; 3113; 3109; 3112; 3114; 3108; 3106; 3119
3138; 3133; 3127; 3131; 3126; 3136; 3122; 3134; 3125; 3135; 3132; 3137; 3130; 3128; 3139; 3129; 3124; 3123
3140; 3146; 3152; 3154; 3151; 3159; 3149; 3142; 3155; 3144; 3147; 3156; 3157; 3141; 3148; 3150; 3145; 3143; 3153; 3158
3172; 3180; 3171; 3173; 3164; 3160; 3176; 3167; 3169; 3165; 3163; 3179; 3162; 3168; 3161; 3170; 3177; 3181; 3178; 3166; 3174; 3175
3191; 3188; 3189; 3194; 3185; 3199; 3193; 3183; 3190; 3182; 3195; 3184; 3197; 3198; 3192; 3187; 3196; 3186
3204; 3200; 3201; 3211; 3205; 3207; 3203; 3215; 3210; 3216; 3206; 3212; 3217; 3208; 3214; 3213; 3202; 3209
3222; 3224; 3227; 3221; 3233; 3218; 3226; 3230; 3220; 3235; 3238; 3237; 3232; 3234; 3231; 3225; 3228; 3229; 3223; 3219; 3236
3250; 3251; 3246; 3243; 3255; 3254; 3253; 3241; 3248; 3240; 3249; 3242; 3245; 3244; 3252; 3247; 3239
3256; 3264; 3258; 3262; 3266; 3267; 3260; 3269; 3263; 3261; 3257; 3259; 3265; 3268
3283; 3286; 3279; 3281; 3280; 3277; 3274; 3282; 3285; 3270; 3273; 3284; 3287; 3275; 3272; 3276; 3271; 3278
3307; 3297; 3301; 3296; 3302; 3291; 3292; 3298; 3305; 3300; 3293; 3289; 3290; 3299; 3306; 3288; 3295; 3294; 3304; 3303
3318; 3323; 3319; 3311; 3310; 3324; 3322; 3309; 3321; 3308; 3325; 3313; 3317; 3314; 3320; 3315; 3312; 3316
3345; 3343; 3334; 3339; 3335; 3327; 3330; 3344; 3331; 3341; 3333; 3328; 3337; 3338; 3340; 3326; 3329; 3342; 3332; 3336
3368; 3358; 3346; 3355; 3350; 3365; 3359; 3348; 3361; 3362; 3357; 3356; 3364; 3347; 3352; 3367; 3349; 3351; 3354; 3353; 3366; 3363; 3360
3375; 3369; 3380; 3370; 3381; 3376; 3383; 3378; 3387; 3384; 3379; 3377; 3372; 3389; 3386; 3385; 3388; 3374; 3373; 3371; 3390; 3382
3394; 3393; 3406; 3395; 3400; 3401; 3402; 3405; 3391; 3410; 3409; 3398; 3411; 3403; 3404; 3399; 3392; 3396; 3407; 3397; 3408
3427; 3417; 3418; 3416; 3426; 3415; 3413; 3414; 3421; 3425; 3424; 3428; 3419; 3429; 3422; 3412; 3420; 3423
3433; 3443; 3441; 3442; 3431; 3430; 3436; 3434; 3432; 3437; 3435; 3444; 3438; 3440; 3439
3454; 3447; 3457; 3461; 3458; 3455; 3453; 3460; 3452; 3459; 3462; 3446; 3456; 3451; 3450; 3448; 3445; 3449
3479; 3464; 3466; 3478; 3477; 3467; 3484; 3474; 3463; 3465; 3475; 3483; 3468; 3486; 3482; 3469; 3476; 3470; 3472; 3480; 3473; 3471; 3485; 3481
3493; 3492; 3496; 3490; 3488; 3489; 3494; 3487; 3491; 3495
3510; 3505; 3507; 3506; 3503; 3497; 3511; 3499; 3502; 3498; 3504; 3512; 3509; 3501; 3508; 3500
3523; 3526; 3519; 3528; 3527; 3524; 3513; 3525; 3518; 3515; 3529; 3520; 3514; 3517; 3516; 3530; 3522; 3521
3535; 3538; 3536; 3539; 3540; 3551; 3549; 3548; 3544; 3543; 3533; 3542; 3547; 3550; 3541; 3537; 3546; 3545; 3534; 3532; 3531
3560; 3567; 3569; 3571; 3555; 3552; 3562; 3557; 3559; 3563; 3566; 3570; 3565; 3568; 3553; 3561; 3564; 3554; 3556; 3558
3583; 3575; 3576; 3572; 3582; 3579; 3580; 3574; 3573; 3581; 3578; 3577
3588; 3589; 3595; 3591; 3593; 3584; 3597; 3587; 3594; 3592; 3585; 3590; 3586; 3596
3611; 3612; 3608; 3601; 3615; 3614; 3609; 3618; 3613; 3605; 3610; 3617; 3598; 3616; 3599; 3600; 3602; 3606; 3619; 3607; 3604; 3603
3633; 3631; 3622; 3637; 3635; 3636; 3625; 3629; 3628; 3624; 3630; 3627; 3621; 3632; 3634; 3620; 3626; 3623
3651; 3645; 3654; 3650; 3653; 3639; 3641; 3652; 3646; 3642; 3649; 3638; 3648; 3640; 3643; 3647; 3644
3659; 3660; 3672; 3664; 3667; 3668; 3662; 3674; 3673; 3666; 3663; 3655; 3671; 3656; 3669; 3657; 3661; 3665; 3658; 3670
3684; 3676; 3689; 3693; 3688; 3678; 3691; 3680; 3690; 3681; 3682; 3686; 3683; 3687; 3685; 3679; 3677; 3692; 3675
3706; 3708; 3699; 3702; 3700; 3705; 3711; 3697; 3698; 3701; 3703; 3710; 3695; 3696; 3707; 3709; 3704; 3694
3721; 3724; 3722; 3723; 3714; 3719; 3720; 3712; 3715; 3716; 3713; 3718; 3717
3740; 3736; 3735; 3726; 3730; 3737; 3739; 3734; 3741; 3727; 3743; 3732; 3742; 3725; 3738; 3733; 3728; 3731; 3729
3759; 3752; 3763; 3749; 3746; 3753; 3756; 3755; 3750; 3744; 3762; 3758; 3761; 3764; 3747; 3760; 3751; 3754; 3745; 3748; 3757
3786; 3774; 3783; 3782; 3766; 3765; 3775; 3772; 3781; 3785; 3767; 3776; 3779; 3773; 3771; 3768; 3778; 3784; 3777; 3780; 3769; 3770
3798; 3788; 3795; 3787; 3794; 3793; 3799; 3792; 3789; 3796; 3790; 3791; 3797
3803; 3804; 3812; 3811; 3807; 3808; 3813; 3809; 3810; 3801; 3805; 3800; 3806; 3802
3821; 3819; 3814; 3824; 3825; 3822; 3829; 3815; 3823; 3830; 3828; 3818; 3820; 3831; 3826; 3827; 3817; 3816
3845; 3841; 3836; 3848; 3843; 3847; 3840; 3832; 3835; 3842; 3833; 3846; 3839; 3838; 3837; 3844; 3834
3859; 3861; 3851; 3857; 3869; 3858; 3849; 3864; 3867; 3854; 3863; 3852; 3866; 3850; 3862; 3855; 3868; 3853; 3856; 3865; 3870; 3860
3876; 3874; 3872; 3879; 3875; 3881; 3873; 3878; 3877; 3871; 3880
3887; 3885; 3895; 3898; 3896; 3892; 3894; 3893; 3882; 3884; 3888; 3886; 3891; 3897; 3889; 3883; 3890
3912; 3901; 3909; 3906; 3904; 3899; 3902; 3908; 3905; 3907; 3911; 3910; 3900; 3903; 3913
3920; 3914; 3927; 3918; 3916; 3922; 3923; 3926; 3921; 3924; 3917; 3925; 3919; 3915; 3930; 3928; 3929
3943; 3937; 3936; 3939; 3938; 3931; 3934; 3944; 3945; 3935; 3947; 3933; 3946; 3949; 3942; 3950; 3951; 3948; 3940; 3932; 3941
3961; 3959; 3965; 3958; 3962; 3954; 3952; 3957; 3953; 3956; 3955; 3960; 3963; 3964
3976; 3971; 3977; 3978; 3966; 3968; 3972; 3981; 3969; 3967; 3980; 3970; 3974; 3979; 3975; 3973
3987; 3988; 3983; 3994; 3993; 4002; 4001; 3997; 3996; 4000; 3998; 3989; 3986; 3995; 3992; 3990; 3999; 3984; 3991; 3985; 3982
4007; 4018; 4017; 4003; 4004; 4008; 4005; 4015; 4010; 4011; 4014; 4016; 4009; 4013; 4012; 4006
4022; 4031; 4033; 4023; 4030; 4032; 4034; 4019; 4036; 4035; 4020; 4038; 4021; 4028; 4037; 4026; 4024; 4027; 4029; 4025
4048; 4047; 4051; 4056; 4043; 4041; 4042; 4049; 4055; 4040; 4053; 4046; 4050; 4052; 4057; 4044; 4058; 4054; 4039; 4045
4060; 4078; 4066; 4065; 4062; 4070; 4077; 4074; 4073; 4080; 4071; 4059; 4079; 4064; 4067; 4069; 4072; 4075; 4076; 4063; 4061; 4068
4081; 4090; 4094; 4096; 4083; 4093; 4086; 4089; 4088; 4085; 4097; 4091; 4084; 4087; 4092; 4095; 4082
4098; 4110; 4109; 4102; 4108; 4111; 4107; 4112; 4105; 4100; 4106; 4113; 4099; 4104; 4114; 4103; 4101
4123; 4116; 4127; 4118; 4117; 4120; 4115; 4125; 4128; 4122; 4124; 4130; 4121; 4126; 4129; 4119
4137; 4149; 4138; 4136; 4135; 4148; 4139; 4132; 4141; 4147; 4133; 4140; 4146; 4142; 4134; 4143; 4145; 4144; 4131
4161; 4172; 4164; 4151; 4156; 4150; 4173; 4170; 4159; 4169; 4168; 4175; 4158; 4162; 4157; 4160; 4154; 4163; 4152; 4167; 4174; 4166; 4155; 4153; 4171; 4165
4177; 4188; 4179; 4187; 4184; 4186; 4180; 4176; 4182; 4183; 4181; 4189; 4178; 4185
4203; 4198; 4201; 4194; 4193; 4206; 4190; 4205; 4202; 4191; 4204; 4195; 4199; 4200; 4196; 4192; 4197
4213; 4222; 4216; 4218; 4221; 4223; 4210; 4217; 4207; 4212; 4215; 4211; 4219; 4209; 4220; 4208; 4214
4241; 4229; 4227; 4238; 4240; 4224; 4233; 4226; 4232; 4239; 4231; 4234; 4235; 4236; 4228; 4237; 4225; 4230
4248; 4246; 4242; 4247; 4255; 4251; 4249; 4245; 4244; 4250; 4243; 4253; 4254; 4252
4258; 4270; 4269; 4266; 4261; 4259; 4267; 4271; 4257; 4263; 4264; 4260; 4265; 4262; 4256; 4268
4278; 4272; 4285; 4284; 4274; 4277; 4281; 4283; 4279; 4282; 4273; 4280; 4275; 4286; 4276
4287; 4303; 4294; 4293; 4292; 4305; 4302; 4298; 4304; 4299; 4289; 4295; 4291; 4288; 4290; 4300; 4296; 4297; 4301
4314; 4324; 4308; 4323; 4317; 4312; 4310; 4319; 4321; 4315; 4306; 4313; 4320; 4311; 4307; 4316; 4309; 4318; 4322
4325; 4330; 4335; 4327; 4334; 4326; 4331; 4328; 4332; 4329; 4333
4350; 4351; 4347; 4341; 4339; 4338; 4349; 4342; 4352; 4340; 4346; 4337; 4354; 4353; 4336; 4344; 4348; 4345; 4343
4356; 4362; 4359; 4366; 4364; 4370; 4368; 4367; 4355; 4365; 4358; 4361; 4360; 4363; 4369; 4357
4375; 4373; 4376; 4380; 4378; 4385; 4381; 4387; 4371; 4382; 4384; 4386; 4374; 4377; 4379; 4372; 4388; 4383; 4389
4406; 4401; 4394; 4398; 4402; 4399; 4391; 4403; 4404; 4390; 4405; 4400; 4396; 4392; 4393; 4397; 4395
4415; 4417; 4408; 4419; 4413; 4407; 4410; 4418; 4411; 4416; 4414; 4412; 4409
4420; 4428; 4426; 4425; 4434; 4431; 4422; 4433; 4430; 4435; 4423; 4424; 4427; 4429; 4421; 4432
4440; 4446; 4437; 4438; 4441; 4454; 4443; 4449; 4447; 4444; 4451; 4453; 4445; 4439; 4448; 4442; 4455; 4436; 4452; 4450
4473; 4471; 4467; 4463; 4468; 4475; 4456; 4470; 4469; 4465; 4464; 4461; 4460; 4462; 4472; 4458; 4474; 4457; 4466; 4459
4483; 4481; 4479; 4493; 4491; 4484; 4477; 4496; 4486; 4478; 4487; 4488; 4494; 4490; 4489; 4485; 4492; 4480; 4482; 4495; 4476
4506; 4503; 4510; 4508; 4517; 4497; 4507; 4502; 4499; 4511; 4512; 4513; 4500; 4501; 4516; 4509; 4515; 4505; 4504; 4514; 4498
4521; 4525; 4534; 4519; 4528; 4526; 4533; 4532; 4527; 4523; 4520; 4530; 4522; 4535; 4518; 4524; 4529; 4531
4545; 4541; 4546; 4537; 4543; 4540; 4536; 4551; 4550; 4548; 4544; 4539; 4542; 4547; 4538; 4549
4553; 4563; 4564; 4567; 4555; 4570; 4557; 4552; 4565; 4566; 4562; 4560; 4561; 4569; 4554; 4558; 4559; 4556; 4568
4574; 4584; 4575; 4583; 4580; 4588; 4581; 4576; 4572; 4577; 4585; 4582; 4571; 4573; 4586; 4589; 4592; 4590; 4578; 4587; 4591; 4579
4606; 4599; 4608; 4612; 4597; 4605; 4604; 4603; 4609; 4610; 4595; 4601; 4593; 4600; 4598; 4602; 4594; 4596; 4607; 4611; 4613
4622; 4621; 4630; 4626; 4628; 4625; 4615; 4614; 4629; 4623; 4618; 4617; 4619; 4627; 4616; 4620; 4624
4633; 4632; 4640; 4637; 4638; 4631; 4635; 4636; 4639; 4634
4655; 4653; 4657; 4645; 4654; 4646; 4651; 4648; 4650; 4643; 4656; 4644; 4649; 4642; 4652; 4658; 4647; 4641
4675; 4663; 4664; 4672; 4662; 4668; 4666; 4677; 4665; 4673; 4667; 4660; 4674; 4676; 4671; 4678; 4669; 4661; 4670; 4659
4685; 4695; 4698; 4696; 4679; 4682; 4694; 4680; 4681; 4691; 4697; 4683; 4688; 4692; 4693; 4684; 4689; 4687; 4690; 4686
4714; 4699; 4703; 4712; 4700; 4704; 4709; 4702; 4701; 4710; 4706; 4707; 4715; 4711; 4705; 4713; 4708
4719; 4726; 4724; 4720; 4717; 4727; 4732; 4725; 4716; 4723; 4718; 4728; 4731; 4722; 4721; 4729; 4730
4744; 4745; 4742; 4743; 4733; 4746; 4741; 4749; 4738; 4747; 4748; 4734; 4739; 4740; 4737; 4736; 4735
4766; 4752; 4762; 4758; 4769; 4756; 4753; 4768; 4765; 4772; 4771; 4764; 4750; 4754; 4761; 4760; 4755; 4770; 4751; 4767; 4763; 4759; 4757
4784; 4786; 4779; 4780; 4781; 4774; 4776; 4773; 4777; 4778; 4775; 4787; 4783; 4785; 4782
4789; 4800; 4791; 4801; 4797; 4788; 4792; 4795; 4799; 4796; 4793; 4798; 4790; 4794
4821; 4819; 4813; 4807; 4810; 4822; 4817; 4803; 4815; 4820; 4812; 4809; 4814; 4816; 4805; 4806; 4818; 4804; 4811; 4802; 4808
4835; 4833; 4842; 4830; 4840; 4837; 4841; 4831; 4823; 4827; 4838; 4824; 4832; 4843; 4828; 4836; 4826; 4834; 4825; 4839; 4829
4848; 4850; 4851; 4859; 4846; 4847; 4855; 4856; 4852; 4857; 4860; 4845; 4853; 4844; 4849; 4858; 4861; 4854
4873; 4871; 4866; 4868; 4865; 4869; 4870; 4863; 4862; 4867; 4875; 4872; 4864; 4874
4893; 4889; 4895; 4894; 4881; 4877; 4883; 4880; 4885; 4886; 4878; 4882; 4891; 4876; 4884; 4887; 4890; 4898; 4897; 4896; 4892; 4879; 4888
4903; 4916; 4914; 4901; 4910; 4899; 4911; 4908; 4905; 4906; 4913; 4902; 4904; 4909; 4912; 4900; 4907; 4915
4929; 4923; 4920; 4924; 4927; 4919; 4921; 4930; 4925; 4922; 4917; 4928; 4926; 4932; 4931; 4918
4941; 4939; 4942; 4948; 4937; 4945; 4946; 4935; 4936; 4944; 4943; 4940; 4934; 4947; 4933; 4938
4961; 4958; 4966; 4955; 4960; 4954; 4953; 4956; 4950; 4959; 4968; 4964; 4963; 4952; 4951; 4965; 4957; 4949; 4962; 4967
4974; 4976; 4983; 4978; 4980; 4971; 4975; 4988; 4986; 4989; 4984; 4982; 4970; 4969; 4985; 4973; 4981; 4987; 4979; 4972; 4977
4999; 4996; 5005; 4998; 5007; 5006; 4995; 5001; 5004; 5008; 4991; 5002; 5003; 4993; 5000; 4992; 4990; 4997; 4994
5021; 5013; 5014; 5015; 5023; 5018; 5010; 5022; 5019; 5016; 5011; 5012; 5017; 5020; 5009
5039; 5041; 5025; 5036; 5043; 5042; 5032; 5040; 5024; 5031; 5026; 5028; 5033; 5035; 5044; 5037; 5029; 5027; 5034; 5038; 5030
5046; 5054; 5062; 5053; 5064; 5056; 5057; 5047; 5060; 5058; 5045; 5049; 5061; 5063; 5065; 5048; 5055; 5051; 5059; 5052; 5050
5075; 5068; 5084; 5069; 5079; 5066; 5087; 5077; 5083; 5081; 5067; 5072; 5073; 5086; 5074; 5082; 5078; 5071; 5076; 5080; 5085; 5070
5097; 5096; 5092; 5099; 5093; 5095; 5089; 5090; 5088; 5091; 5098; 5094
5106; 5108; 5111; 5114; 5101; 5118; 5117; 5115; 5113; 5120; 5116; 5100; 5104; 5102; 5110; 5109; 5112; 5107; 5119; 5103; 5105
5132; 5122; 5124; 5139; 5131; 5133; 5135; 5127; 5126; 5138; 5129; 5123; 5130; 5128; 5137; 5125; 5121; 5136; 5134
5146; 5156; 5141; 5154; 5149; 5151; 5148; 5155; 5143; 5144; 5145; 5153; 5140; 5150; 5152; 5147; 5142
5175; 5171; 5163; 5168; 5166; 5165; 5169; 5161; 5158; 5164; 5167; 5159; 5170; 5157; 5162; 5172; 5173; 5160; 5174
5185; 5191; 5187; 5194; 5179; 5188; 5177; 5178; 5180; 5190; 5184; 5192; 5183; 5186; 5176; 5181; 5189; 5182; 5193
5212; 5196; 5199; 5198; 5197; 5207; 5202; 5211; 5201; 5195; 5210; 5206; 5209; 5205; 5203; 5200; 5213; 5208; 5204
5225; 5214; 5215; 5230; 5223; 5219; 5222; 5229; 5224; 5216; 5228; 5220; 5226; 5227; 5221; 5217; 5218
5242; 5233; 5243; 5236; 5238; 5234; 5237; 5239; 5241; 5235; 5240; 5232; 5244; 5231
5264; 5247; 5251; 5249; 5252; 5253; 5256; 5255; 5246; 5263; 5260; 5265; 5261; 5259; 5262; 5258; 5254; 5245; 5248; 5266; 5250; 5257
5271; 5270; 5286; 5274; 5269; 5284; 5280; 5267; 5279; 5276; 5272; 5283; 5277; 5285; 5278; 5282; 5268; 5273; 5287; 5281; 5275
5298; 5294; 5292; 5300; 5296; 5288; 5299; 5290; 5291; 5302; 5293; 5297; 5306; 5304; 5295; 5305; 5303; 5289; 5301
5315; 5311; 5316; 5314; 5319; 5318; 5307; 5309; 5308; 5312; 5310; 5317; 5313
5322; 5325; 5320; 5327; 5326; 5324; 5321; 5323
5342; 5330; 5332; 5334; 5340; 5333; 5331; 5328; 5339; 5329; 5338; 5336; 5335; 5337; 5341
5358; 5346; 5353; 5352; 5351; 5357; 5349; 5354; 5344; 5356; 5355; 5350; 5360; 5345; 5361; 5347; 5364; 5363; 5343; 5359; 5362; 5348
5368; 5381; 5377; 5371; 5370; 5369; 5382; 5376; 5372; 5374; 5367; 5380; 5379; 5378; 5373; 5375; 5365; 5366
5387; 5388; 5384; 5386; 5389; 5394; 5383; 5392; 5395; 5390; 5391; 5393; 5385
5408; 5409; 5413; 5402; 5405; 5400; 5404; 5403; 5407; 5411; 5398; 5399; 5396; 5410; 5397; 5406; 5401; 5412; 5414
5417; 5419; 5431; 5415; 5432; 5420; 5418; 5426; 5416; 5430; 5429; 5427; 5421; 5423; 5425; 5424; 5428; 5422
5434; 5447; 5449; 5437; 5433; 5440; 5435; 5444; 5442; 5436; 5443; 5446; 5439; 5441; 5438; 5448; 5445
5462; 5457; 5452; 5458; 5455; 5466; 5451; 5461; 5454; 5468; 5465; 5464; 5460; 5463; 5450; 5467; 5453; 5456; 5459
5471; 5470; 5472; 5481; 5477; 5479; 5473; 5474; 5469; 5475; 5476; 5480; 5478
5496; 5495; 5484; 5504; 5490; 5483; 5503; 5487; 5486; 5494; 5492; 5489; 5499; 5497; 5488; 5482; 5498; 5500; 5491; 5502; 5485; 5493; 5501
5520; 5516; 5508; 5507; 5506; 5505; 5518; 5512; 5517; 5513; 5509; 5515; 5510; 5521; 5519; 5514; 5522; 5511
5541; 5538; 5539; 5536; 5542; 5535; 5526; 5528; 5537; 5527; 5524; 5530; 5544; 5546; 5545; 5547; 5529; 5525; 5540; 5543; 5531; 5523; 5532; 5534; 5533
5555; 5554; 5550; 5553; 5552; 5551; 5558; 5549; 5548; 5556; 5557; 5559
5573; 5564; 5579; 5570; 5581; 5580; 5571; 5568; 5569; 5574; 5560; 5578; 5575; 5567; 5563; 5561; 5582; 5562; 5565; 5576; 5577; 5572; 5566
5584; 5586; 5590; 5601; 5599; 5596; 5585; 5604; 5594; 5593; 5589; 5588; 5595; 5603; 5583; 5591; 5602; 5592; 5600; 5597; 5598; 5587
5615; 5619; 5622; 5606; 5605; 5613; 5621; 5620; 5612; 5611; 5609; 5610; 5608; 5616; 5618; 5614; 5607; 5617
5627; 5624; 5626; 5628; 5629; 5625; 5632; 5623; 5631; 5630
5639; 5640; 5638; 5637; 5648; 5633; 5649; 5635; 5647; 5650; 5644; 5636; 5634; 5641; 5645; 5646; 5642; 5643
5670; 5665; 5671; 5654; 5658; 5660; 5655; 5657; 5672; 5661; 5656; 5653; 5664; 5669; 5666; 5659; 5667; 5668; 5662; 5663; 5652; 5651
5675; 5676; 5684; 5681; 5674; 5685; 5680; 5687; 5679; 5683; 5678; 5677; 5673; 5686; 5682
5692; 5702; 5689; 5703; 5690; 5699; 5688; 5691; 5695; 5705; 5698; 5701; 5693; 5704; 5700; 5694; 5697; 5696; 5706
5713; 5714; 5718; 5716; 5720; 5709; 5722; 5724; 5725; 5711; 5723; 5726; 5721; 5708; 5707; 5715; 5719; 5710; 5717; 5712
5743; 5735; 5748; 5737; 5731; 5745; 5742; 5744; 5729; 5730; 5732; 5733; 5727; 5728; 5738; 5740; 5739; 5747; 5746; 5736; 5741; 5749; 5734
5760; 5750; 5763; 5768; 5756; 5767; 5759; 5755; 5771; 5766; 5754; 5773; 5765; 5751; 5758; 5753; 5757; 5762; 5770; 5752; 5764; 5772; 5774; 5769; 5775; 5761
5780; 5783; 5779; 5776; 5785; 5778; 5784; 5782; 5781; 5777
5786; 5792; 5797; 5794; 5800; 5787; 5789; 5793; 5801; 5791; 5790; 5788; 5803; 5799; 5796; 5798; 5795; 5802
5808; 5809; 5824; 5805; 5822; 5813; 5807; 5814; 5820; 5818; 5821; 5819; 5823; 5817; 5810; 5812; 5806; 5804; 5816; 5815; 5811
5830; 5842; 5841; 5829; 5826; 5825; 5835; 5831; 5827; 5840; 5832; 5839; 5837; 5834; 5828; 5833; 5838; 5836
5850; 5851; 5844; 5856; 5849; 5845; 5847; 5843; 5852; 5857; 5848; 5854; 5853; 5855; 5846
5870; 5859; 5862; 5869; 5865; 5861; 5874; 5873; 5872; 5877; 5867; 5876; 5863; 5871; 5878; 5875; 5868; 5860; 5858; 5864; 5866; 5879
5901; 5896; 5889; 5900; 5899; 5892; 5890; 5893; 5884; 5898; 5895; 5888; 5880; 5897; 5886; 5885; 5891; 5883; 5882; 5881; 5894; 5887
5908; 5903; 5906; 5912; 5913; 5915; 5907; 5918; 5910; 5917; 5902; 5916; 5911; 5909; 5914; 5905; 5904
5925; 5919; 5920; 5921; 5924; 5923; 5928; 5927; 5922; 5926; 5929
5943; 5938; 5930; 5941; 5947; 5931; 5937; 5932; 5948; 5946; 5944; 5936; 5934; 5935; 5945; 5939; 5940; 5933; 5942
5951; 5967; 5963; 5966; 5952; 5956; 5953; 5962; 5949; 5957; 5960; 5965; 5961; 5950; 5958; 5959; 5955; 5954; 5968; 5964
5986; 5976; 5970; 5980; 5991; 5979; 5978; 5972; 5982; 5989; 5977; 5971; 5987; 5984; 5983; 5981; 5973; 5985; 5969; 5990; 5974; 5975; 5988
5996; 5994; 5992; 6001; 5997; 5995; 5998; 5999; 5993; 6002; 6000; 6003
6005; 6006; 6004; 6007; 6011; 6009; 6010; 6013; 6014; 6015; 6012; 6008
6030; 6023; 6024; 6032; 6036; 6029; 6017; 6020; 6022; 6027; 6026; 6018; 6034; 6031; 6021; 6028; 6035; 6033; 6025; 6019; 6016
6054; 6052; 6046; 6056; 6037; 6038; 6041; 6055; 6051; 6044; 6050; 6039; 6048; 6049; 6057; 6053; 6043; 6040; 6045; 6042; 6047
6070; 6065; 6064; 6066; 6062; 6061; 6068; 6069; 6072; 6073; 6071; 6067; 6063; 6060; 6059; 6058
6092; 6088; 6089; 6076; 6081; 6090; 6087; 6085; 6075; 6082; 6083; 6074; 6078; 6080; 6084; 6091; 6079; 6086; 6077
6097; 6105; 6102; 6098; 6093; 6094; 6110; 6099; 6103; 6095; 6101; 6106; 6107; 6108; 6104; 6100; 6096; 6109
6121; 6111; 6124; 6114; 6116; 6115; 6125; 6118; 6113; 6112; 6123; 6127; 6126; 6122; 6117; 6119; 6120
6139; 6136; 6142; 6131; 6146; 6134; 6138; 6143; 6141; 6133; 6129; 6128; 6147; 6135; 6144; 6132; 6140; 6145; 6137; 6130
6148; 6151; 6157; 6156; 6149; 6152; 6150; 6155; 6153; 6160; 6159; 6162; 6161; 6158; 6154
6166; 6163; 6164; 6172; 6176; 6168; 6174; 6171; 6175; 6169; 6165; 6173; 6170; 6179; 6167; 6181; 6180; 6177; 6178
6195; 6194; 6190; 6183; 6188; 6191; 6189; 6182; 6196; 6192; 6186; 6197; 6198; 6185; 6184; 6200; 6199; 6193; 6187
6208; 6207; 6222; 6221; 6217; 6220; 6214; 6205; 6215; 6210; 6203; 6209; 6204; 6202; 6201; 6216; 6219; 6211; 6206; 6213; 6212; 6218
6230; 6235; 6241; 6223; 6238; 6242; 6226; 6233; 6234; 6225; 6231; 6224; 6239; 6232; 6237; 6236; 6227; 6240; 6229; 6228
6253; 6258; 6252; 6254; 6251; 6249; 6256; 6250; 6260; 6245; 6244; 6257; 6259; 6246; 6243; 6255; 6247; 6248
6268; 6274; 6276; 6270; 6261; 6267; 6264; 6281; 6279; 6284; 6275; 6273; 6280; 6272; 6283; 6262; 6266; 6282; 6278; 6277; 6285; 6271; 6265; 6269; 6263
6298; 6291; 6302; 6300; 6297; 6292; 6294; 6286; 6288; 6303; 6289; 6301; 6295; 6287; 6296; 6299; 6293; 6290
6312; 6308; 6315; 6306; 6307; 6311; 6314; 6313; 6309; 6310; 6304; 6305
6332; 6324; 6331; 6325; 6327; 6326; 6321; 6319; 6335; 6329; 6320; 6334; 6328; 6330; 6333; 6322; 6323; 6316; 6318; 6317
6338; 6337; 6342; 6349; 6350; 6341; 6346; 6352; 6351; 6344; 6353; 6336; 6355; 6347; 6343; 6340; 6339; 6345; 6348; 6354
6361; 6370; 6362; 6360; 6357; 6376; 6368; 6371; 6367; 6375; 6363; 6369; 6364; 6366; 6373; 6356; 6372; 6359; 6358; 6374; 6365
6382; 6389; 6390; 6385; 6394; 6388; 6387; 6392; 6386; 6379; 6377; 6391; 6384; 6380; 6393; 6378; 6383; 6381
6400; 6395; 6414; 6402; 6406; 6404; 6405; 6415; 6396; 6401; 6409; 6397; 6398; 6412; 6411; 6413; 6403; 6407; 6399; 6408; 6410
6427; 6416; 6432; 6428; 6433; 6421; 6429; 6424; 6417; 6419; 6431; 6418; 6420; 6425; 6422; 6430; 6426; 6423
6454; 6441; 6449; 6435; 6440; 6447; 6436; 6443; 6451; 6444; 6452; 6438; 6437; 6442; 6448; 6445; 6434; 6453; 6446; 6450; 6439
6460; 6458; 6456; 6457; 6463; 6462; 6459; 6455; 6461
6471; 6472; 6467; 6470; 6469; 6481; 6478; 6464; 6480; 6475; 6479; 6468; 6466; 6477; 6465; 6473; 6476; 6474
6488; 6492; 6500; 6489; 6502; 6497; 6487; 6482; 6484; 6490; 6495; 6498; 6499; 6491; 6503; 6483; 6494; 6493; 6486; 6501; 6496; 6485
6514; 6506; 6513; 6511; 6519; 6517; 6518; 6510; 6509; 6504; 6516; 6520; 6521; 6512; 6505; 6508; 6507; 6515
6528; 6523; 6526; 6534; 6530; 6532; 6527; 6524; 6531; 6525; 6533; 6529; 6522; 6535
6543; 6538; 6539; 6541; 6544; 6542; 6540; 6536; 6537; 6545; 6546
6556; 6558; 6562; 6548; 6552; 6563; 6550; 6547; 6560; 6561; 6555; 6553; 6559; 6557; 6549; 6554; 6551
6568; 6577; 6569; 6572; 6573; 6576; 6579; 6566; 6570; 6567; 6564; 6575; 6580; 6565; 6571; 6578; 6574
6592; 6594; 6583; 6588; 6582; 6596; 6584; 6587; 6585; 6590; 6595; 6589; 6586; 6593; 6591; 6581
6603; 6610; 6602; 6611; 6597; 6598; 6608; 6601; 6600; 6609; 6607; 6605; 6604; 6612; 6606; 6599
6613; 6617; 6620; 6629; 6619; 6618; 6622; 6628; 6626; 6615; 6624; 6623; 6614; 6627; 6621; 6616; 6630; 6625
6638; 6640; 6636; 6635; 6647; 6650; 6648; 6637; 6649; 6633; 6641; 6632; 6634; 6644; 6646; 6639; 6642; 6631; 6643; 6645
6662; 6661; 6674; 6670; 6671; 6651; 6652; 6669; 6664; 6660; 6665; 6654; 6673; 6667; 6655; 6657; 6666; 6675; 6653; 6659; 6663; 6672; 6668; 6658; 6656
6683; 6679; 6676; 6685; 6684; 6681; 6677; 6688; 6682; 6686; 6687; 6680; 6678
6700; 6697; 6702; 6706; 6705; 6690; 6707; 6694; 6692; 6703; 6704; 6698; 6701; 6693; 6689; 6695; 6696; 6699; 6691
6710; 6709; 6723; 6722; 6717; 6721; 6724; 6712; 6711; 6718; 6725; 6726; 6714; 6716; 6720; 6708; 6715; 6719; 6713
6739; 6727; 6733; 6735; 6729; 6741; 6736; 6737; 6731; 6743; 6738; 6732; 6734; 6730; 6728; 6742; 6740
6745; 6750; 6759; 6748; 6755; 6757; 6746; 6758; 6756; 6754; 6751; 6761; 6747; 6760; 6752; 6744; 6749; 6753
6764; 6762; 6770; 6767; 6763; 6765; 6769; 6768; 6766
6791; 6786; 6779; 6780; 6789; 6771; 6772; 6782; 6788; 6775; 6792; 6784; 6778; 6783; 6781; 6787; 6774; 6793; 6777; 6790; 6776; 6785; 6773
6804; 6800; 6806; 6796; 6798; 6811; 6810; 6795; 6802; 6794; 6809; 6801; 6797; 6812; 6808; 6799; 6803; 6807; 6805
6819; 6823; 6827; 6813; 6830; 6818; 6817; 6814; 6828; 6820; 6832; 6821; 6825; 6824; 6831; 6826; 6829; 6822; 6815; 6816
6836; 6843; 6834; 6844; 6850; 6837; 6846; 6848; 6841; 6842; 6847; 6833; 6845; 6840; 6838; 6835; 6849; 6839
6852; 6867; 6864; 6861; 6856; 6857; 6870; 6855; 6865; 6853; 6851; 6872; 6871; 6859; 6866; 6868; 6863; 6860; 6858; 6862; 6854; 6869
6887; 6873; 6874; 6878; 6885; 6890; 6875; 6879; 6876; 6884; 6889; 6882; 6888; 6877; 6881; 6886; 6880; 6883; 6891
6902; 6905; 6898; 6895; 6899; 6910; 6908; 6894; 6909; 6907; 6897; 6892; 6900; 6893; 6901; 6904; 6903; 6906; 6896
6924; 6914; 6922; 6923; 6913; 6917; 6927; 6916; 6911; 6912; 6919; 6920; 6925; 6918; 6915; 6926; 6921
6938; 6944; 6928; 6936; 6942; 6939; 6937; 6933; 6943; 6931; 6935; 6930; 6940; 6929; 6941; 6932; 6934
6949; 6950; 6961; 6959; 6955; 6951; 6957; 6954; 6958; 6948; 6962; 6945; 6960; 6946; 6952; 6947; 6956; 6953
6965; 6970; 6964; 6972; 6974; 6976; 6978; 6977; 6963; 6967; 6971; 6968; 6969; 6973; 6966; 6975
6991; 6992; 6993; 6996; 6997; 6982; 6983; 6984; 6990; 6989; 6986; 6995; 6979; 6981; 6987; 6994; 6985; 6980; 6988
7008; 7001; 7015; 7005; 6998; 7007; 7009; 7012; 7010; 7000; 7003; 7006; 7002; 7004; 7017; 7014; 6999; 7016; 7011; 7013
7030; 7032; 7021; 7018; 7025; 7035; 7034; 7037; 7026; 7022; 7029; 7031; 7033; 7023; 7020; 7028; 7024; 7019; 7027; 7036
7042; 7047; 7041; 7051; 7040; 7044; 7054; 7045; 7038; 7048; 7049; 7043; 7053; 7050; 7039; 7052; 7046
7058; 7056; 7062; 7064; 7065; 7063; 7060; 7061; 7057; 7059; 7067; 7066; 7055
7071; 7073; 7072; 7081; 7084; 7077; 7085; 7074; 7075; 7068; 7069; 7076; 7070; 7078; 7080; 7082; 7083; 7079
7097; 7094; 7086; 7091; 7090; 7088; 7103; 7104; 7093; 7102; 7089; 7087; 7099; 7098; 7095; 7100; 7092; 7101; 7096
7109; 7108; 7121; 7113; 7122; 7111; 7115; 7114; 7107; 7110; 7120; 7123; 7116; 7112; 7119; 7105; 7117; 7106; 7118
7138; 7124; 7137; 7128; 7127; 7133; 7131; 7134; 7129; 7139; 7140; 7126; 7136; 7130; 7135; 7125; 7132
7146; 7152; 7157; 7145; 7141; 7143; 7150; 7144; 7149; 7153; 7151; 7147; 7158; 7142; 7156; 7148; 7159; 7155; 7154
7171; 7166; 7163; 7167; 7172; 7169; 7162; 7175; 7165; 7170; 7176; 7168; 7174; 7161; 7164; 7160; 7173
7195; 7196; 7190; 7182; 7178; 7198; 7186; 7187; 7181; 7185; 7194; 7191; 7188; 7183; 7184; 7189; 7197; 7177; 7179; 7180; 7192; 7193
7203; 7200; 7202; 7216; 7210; 7209; 7206; 7211; 7215; 7217; 7204; 7207; 7201; 7199; 7213; 7208; 7214; 7205; 7212
7220; 7221; 7227; 7222; 7219; 7223; 7218; 7229; 7228; 7226; 7224; 7225
7243; 7231; 7232; 7230; 7235; 7236; 7233; 7241; 7240; 7238; 7234; 7239; 7237; 7242
7250; 7258; 7254; 7246; 7252; 7249; 7256; 7253; 7261; 7255; 7247; 7260; 7248; 7262; 7259; 7251; 7244; 7245; 7257
7274; 7276; 7278; 7271; 7279; 7273; 7275; 7272; 7283; 7282; 7281; 7277; 7267; 7264; 7270; 7269; 7265; 7266; 7268; 7263; 7280
7285; 7290; 7287; 7289; 7295; 7292; 7286; 7293; 7296; 7288; 7297; 7284; 7294; 7291
7320; 7307; 7311; 7314; 7318; 7299; 7316; 7309; 7298; 7312; 7306; 7304; 7317; 7319; 7308; 7310; 7300; 7305; 7303; 7302; 7313; 7315; 7301
7323; 7333; 7341; 7335; 7329; 7334; 7326; 7337; 7339; 7343; 7324; 7327; 7328; 7338; 7344; 7330; 7342; 7345; 7340; 7321; 7336; 7331; 7322; 7332; 7325
7350; 7352; 7347; 7359; 7356; 7360; 7346; 7363; 7348; 7365; 7367; 7349; 7351; 7353; 7358; 7354; 7366; 7369; 7357; 7355; 7361; 7362; 7364; 7368
7378; 7385; 7381; 7380; 7375; 7379; 7387; 7376; 7372; 7383; 7388; 7371; 7386; 7382; 7374; 7384; 7370; 7373; 7377
7399; 7401; 7400; 7403; 7405; 7397; 7398; 7391; 7396; 7390; 7402; 7395; 7404; 7389; 7392; 7393; 7394
7419; 7416; 7407; 7410; 7409; 7424; 7421; 7411; 7418; 7420; 7413; 7417; 7406; 7422; 7412; 7408; 7425; 7415; 7423; 7414
7441; 7430; 7446; 7444; 7442; 7433; 7432; 7440; 7445; 7443; 7437; 7427; 7439; 7431; 7426; 7434; 7429; 7438; 7435; 7428; 7436
7452; 7466; 7455; 7459; 7454; 7451; 7460; 7465; 7457; 7464; 7456; 7447; 7461; 7448; 7463; 7462; 7449; 7458; 7453; 7450
7487; 7472; 7475; 7485; 7468; 7483; 7488; 7479; 7482; 7484; 7474; 7477; 7480; 7481; 7473; 7467; 7486; 7478; 7470; 7476; 7469; 7471
7492; 7504; 7489; 7503; 7498; 7501; 7496; 7500; 7494; 7499; 7497; 7502; 7506; 7505; 7491; 7493; 7495; 7490
7509; 7515; 7523; 7517; 7511; 7508; 7512; 7510; 7507; 7513; 7514; 7518; 7520; 7522; 7516; 7519; 7521
7528; 7534; 7542; 7529; 7530; 7537; 7532; 7535; 7544; 7533; 7536; 7524; 7531; 7539; 7543; 7541; 7527; 7525; 7538; 7540; 7526
7548; 7554; 7556; 7549; 7558; 7555; 7560; 7550; 7546; 7559; 7557; 7552; 7551; 7547; 7545; 7553
7568; 7578; 7566; 7576; 7565; 7570; 7577; 7574; 7564; 7575; 7567; 7572; 7573; 7561; 7562; 7569; 7571; 7563
7582; 7592; 7597; 7595; 7596; 7589; 7583; 7591; 7599; 7590; 7586; 7594; 7580; 7579; 7585; 7587; 7588; 7581; 7584; 7598; 7593
7604; 7601; 7606; 7602; 7609; 7612; 7610; 7608; 7603; 7605; 7614; 7615; 7618; 7607; 7611; 7617; 7613; 7616; 7600
7630; 7620; 7633; 7636; 7631; 7619; 7634; 7623; 7638; 7639; 7627; 7629; 7624; 7632; 7626; 7622; 7628; 7621; 7625; 7635; 7637
7655; 7661; 7652; 7658; 7646; 7643; 7642; 7654; 7659; 7656; 7660; 7648; 7649; 7640; 7653; 7657; 7650; 7651; 7641; 7644; 7647; 7645
7666; 7675; 7671; 7662; 7674; 7668; 7664; 7667; 7663; 7669; 7672; 7673; 7670; 7665
7684; 7690; 7682; 7677; 7680; 7688; 7687; 7692; 7683; 7685; 7681; 7679; 7691; 7676; 7689; 7686; 7678
7702; 7704; 7693; 7694; 7696; 7698; 7705; 7697; 7700; 7707; 7703; 7708; 7709; 7699; 7695; 7701; 7706
7726; 7720; 7712; 7725; 7723; 7727; 7715; 7724; 7710; 7728; 7722; 7719; 7718; 7711; 7713; 7716; 7721; 7717; 7714
7731; 7739; 7733; 7738; 7730; 7737; 7743; 7735; 7729; 7736; 7740; 7732; 7742; 7734; 7741
7758; 7755; 7747; 7751; 7744; 7756; 7752; 7749; 7746; 7757; 7750; 7745; 7748; 7753; 7754
7760; 7774; 7767; 7759; 7761; 7768; 7772; 7765; 7770; 7769; 7764; 7766; 7773; 7762; 7763; 7771
7793; 7776; 7789; 7781; 7778; 7783; 7786; 7775; 7779; 7790; 7791; 7777; 7780; 7787; 7792; 7785; 7784; 7782; 7788
7805; 7804; 7806; 7795; 7794; 7798; 7797; 7800; 7811; 7801; 7799; 7802; 7807; 7808; 7796; 7809; 7810; 7803
7822; 7814; 7827; 7813; 7823; 7829; 7819; 7832; 7831; 7821; 7812; 7817; 7815; 7826; 7828; 7820; 7816; 7824; 7825; 7830; 7818
7835; 7850; 7843; 7855; 7837; 7853; 7845; 7838; 7848; 7833; 7841; 7839; 7840; 7849; 7846; 7852; 7851; 7844; 7834; 7854; 7842; 7836; 7847; 7856
7864; 7868; 7867; 7859; 7871; 7869; 7870; 7866; 7872; 7865; 7858; 7860; 7873; 7861; 7857; 7862; 7863
7876; 7884; 7877; 7882; 7888; 7881; 7887; 7879; 7880; 7886; 7883; 7874; 7885; 7875; 7878
7904; 7895; 7893; 7897; 7891; 7900; 7901; 7902; 7890; 7899; 7896; 7889; 7903; 7892; 7894; 7898; 7905
7921; 7916; 7917; 7918; 7914; 7908; 7906; 7919; 7923; 7910; 7911; 7922; 7913; 7907; 7912; 7920; 7926; 7924; 7915; 7909; 7925
7942; 7938; 7936; 7931; 7947; 7944; 7935; 7941; 7945; 7934; 7940; 7948; 7949; 7933; 7929; 7932; 7928; 7937; 7946; 7939; 7927; 7943; 7930
7950; 7963; 7965; 7970; 7958; 7952; 7953; 7960; 7959; 7954; 7969; 7968; 7955; 7957; 7951; 7964; 7967; 7966; 7962; 7961; 7956
7988; 7987; 7983; 7982; 7977; 7986; 7981; 7985; 7980; 7978; 7989; 7984; 7979; 7973; 7976; 7975; 7972; 7971; 7990; 7974
7997; 8011; 8004; 8007; 8006; 7991; 8010; 8008; 8005; 8001; 7996; 8002; 7999; 7992; 7993; 8009; 7998; 8003; 8000; 7995; 7994
8019; 8017; 8024; 8015; 8021; 8023; 8012; 8026; 8027; 8020; 8016; 8014; 8013; 8018; 8025; 8028; 8022
8034; 8029; 8043; 8036; 8040; 8033; 8042; 8047; 8039; 8041; 8032; 8038; 8044; 8035; 8046; 8049; 8048; 8045; 8037; 8031; 8030
8056; 8052; 8057; 8051; 8054; 8055; 8050; 8053; 8058
8075; 8072; 8077; 8069; 8076; 8081; 8068; 8064; 8060; 8065; 8062; 8066; 8074; 8063; 8073; 8061; 8067; 8078; 8079; 8080; 8059; 8070; 8071
8085; 8098; 8088; 8086; 8091; 8092; 8096; 8094; 8087; 8100; 8084; 8090; 8095; 8097; 8083; 8089; 8082; 8099; 8093
8106; 8118; 8117; 8101; 8110; 8103; 8122; 8104; 8113; 8120; 8121; 8105; 8107; 8112; 8111; 8115; 8116; 8114; 8108; 8109; 8119; 8102
8130; 8131; 8134; 8124; 8125; 8137; 8132; 8123; 8129; 8133; 8127; 8126; 8135; 8128; 8136
8155; 8147; 8159; 8141; 8140; 8158; 8139; 8138; 8149; 8152; 8153; 8157; 8150; 8161; 8148; 8142; 8145; 8156; 8151; 8160; 8154; 8146; 8144; 8143
8173; 8182; 8174; 8165; 8181; 8170; 8168; 8179; 8166; 8169; 8163; 8164; 8175; 8167; 8184; 8178; 8176; 8171; 8172; 8180; 8177; 8183; 8162
8195; 8190; 8197; 8191; 8189; 8187; 8194; 8192; 8186; 8193; 8198; 8188; 8196; 8199; 8200; 8185
8212; 8207; 8214; 8206; 8209; 8201; 8205; 8204; 8208; 8210; 8211; 8213; 8216; 8203; 8215; 8202
8217; 8221; 8228; 8224; 8235; 8220; 8229; 8222; 8236; 8219; 8218; 8223; 8233; 8227; 8232; 8231; 8230; 8234; 8225; 8226
8239; 8243; 8255; 8238; 8254; 8252; 8245; 8237; 8248; 8250; 8253; 8240; 8251; 8242; 8244; 8241; 8247; 8246; 8249
8262; 8264; 8271; 8265; 8263; 8268; 8256; 8257; 8260; 8275; 8276; 8259; 8261; 8258; 8277; 8273; 8266; 8274; 8267; 8269; 8270; 8272
8278; 8282; 8285; 8283; 8280; 8288; 8286; 8284; 8281; 8279; 8287
8295; 8292; 8291; 8300; 8290; 8301; 8296; 8302; 8304; 8299; 8306; 8289; 8303; 8294; 8293; 8305; 8297; 8298
8308; 8319; 8307; 8321; 8318; 8312; 8320; 8313; 8322; 8317; 8315; 8323; 8310; 8314; 8309; 8316; 8311
8331; 8326; 8339; 8333; 8335; 8330; 8342; 8328; 8327; 8324; 8338; 8334; 8329; 8332; 8340; 8325; 8336; 8341; 8337
8354; 8350; 8343; 8351; 8358; 8349; 8359; 8344; 8356; 8352; 8347; 8353; 8348; 8345; 8357; 8346; 8355
8360; 8365; 8366; 8363; 8373; 8367; 8364; 8368; 8371; 8370; 8372; 8369; 8362; 8361
8375; 8379; 8383; 8377; 8388; 8374; 8382; 8384; 8390; 8389; 8380; 8378; 8387; 8386; 8385; 8376; 8381
8400; 8395; 8393; 8405; 8392; 8407; 8394; 8398; 8406; 8404; 8417; 8414; 8401; 8396; 8391; 8402; 8415; 8416; 8397; 8399; 8411; 8408; 8410; 8403; 8409; 8412; 8413
8430; 8418; 8419; 8432; 8426; 8423; 8434; 8431; 8421; 8420; 8435; 8424; 8427; 8425; 8429; 8433; 8422; 8428
8451; 8448; 8443; 8442; 8439; 8454; 8441; 8447; 8437; 8449; 8438; 8450; 8453; 8436; 8440; 8444; 8452; 8446; 8445
8466; 8462; 8463; 8470; 8459; 8456; 8461; 8455; 8467; 8471; 8457; 8469; 8468; 8464; 8458; 8472; 8460; 8465
8477; 8475; 8486; 8487; 8489; 8484; 8479; 8490; 8480; 8485; 8488; 8473; 8474; 8478; 8482; 8483; 8476; 8491; 8481
8502; 8509; 8493; 8504; 8497; 8505; 8498; 8500; 8503; 8508; 8506; 8507; 8492; 8501; 8496; 8495; 8499; 8494
8517; 8520; 8510; 8514; 8518; 8515; 8513; 8511; 8512; 8519; 8516
8532; 8533; 8525; 8530; 8524; 8531; 8526; 8527; 8536; 8537; 8521; 8534; 8535; 8529; 8528; 8522; 8523
8552; 8538; 8550; 8554; 8539; 8555; 8551; 8545; 8549; 8540; 8544; 8543; 8547; 8548; 8541; 8546; 8553; 8542
8574; 8560; 8572; 8567; 8557; 8566; 8565; 8556; 8561; 8570; 8559; 8564; 8573; 8571; 8569; 8558; 8562; 8563; 8568
8577; 8576; 8578; 8585; 8586; 8587; 8575; 8584; 8583; 8580; 8582; 8579; 8581
8594; 8589; 8597; 8599; 8591; 8600; 8592; 8595; 8598; 8593; 8596; 8590; 8588
8614; 8611; 8618; 8609; 8619; 8610; 8608; 8602; 8601; 8607; 8605; 8603; 8620; 8616; 8615; 8606; 8604; 8612; 8613; 8617
8635; 8640; 8629; 8631; 8628; 8634; 8623; 8625; 8622; 8639; 8637; 8636; 8627; 8626; 8632; 8638; 8621; 8633; 8630; 8624
8658; 8641; 8657; 8650; 8646; 8651; 8653; 8654; 8645; 8644; 8642; 8656; 8643; 8647; 8655; 8648; 8649; 8652
8662; 8663; 8666; 8667; 8668; 8669; 8664; 8660; 8665; 8661; 8659
8674; 8688; 8671; 8684; 8678; 8670; 8683; 8676; 8689; 8686; 8673; 8687; 8675; 8681; 8685; 8677; 8682; 8680; 8679; 8690; 8672
8694; 8693; 8701; 8695; 8696; 8699; 8704; 8707; 8706; 8697; 8691; 8705; 8708; 8700; 8703; 8698; 8702; 8692
8722; 8712; 8716; 8720; 8715; 8709; 8717; 8710; 8711; 8721; 8714; 8727; 8724; 8729; 8726; 8719; 8718; 8728; 8723; 8725; 8713
8741; 8734; 8730; 8743; 8731; 8739; 8735; 8738; 8745; 8744; 8736; 8740; 8732; 8737; 8742; 8733
8765; 8748; 8749; 8764; 8763; 8766; 8757; 8762; 8753; 8760; 8752; 8755; 8759; 8767; 8751; 8761; 8756; 8746; 8747; 8750; 8758; 8754
8778; 8783; 8777; 8774; 8776; 8786; 8769; 8770; 8780; 8785; 8779; 8768; 8784; 8773; 8787; 8772; 8782; 8775; 8781; 8771
8791; 8801; 8788; 8806; 8792; 8804; 8799; 8794; 8790; 8796; 8795; 8800; 8805; 8789; 8803; 8798; 8802; 8797; 8793
8816; 8809; 8815; 8812; 8810; 8817; 8823; 8827; 8818; 8811; 8826; 8824; 8822; 8808; 8807; 8821; 8820; 8825; 8813; 8819; 8814
8840; 8839; 8844; 8842; 8835; 8828; 8829; 8837; 8848; 8845; 8833; 8834; 8836; 8841; 8838; 8843; 8830; 8847; 8832; 8831; 8846
8862; 8861; 8860; 8857; 8849; 8859; 8850; 8858; 8865; 8852; 8855; 8851; 8853; 8863; 8856; 8864; 8854
8880; 8868; 8883; 8887; 8886; 8890; 8888; 8867; 8872; 8881; 8866; 8882; 8885; 8870; 8874; 8871; 8879; 8875; 8884; 8889; 8876; 8869; 8873; 8877; 8878
8893; 8899; 8895; 8905; 8896; 8892; 8891; 8902; 8897; 8903; 8898; 8904; 8901; 8894; 8900
8915; 8918; 8922; 8913; 8907; 8909; 8916; 8914; 8908; 8917; 8906; 8919; 8912; 8910; 8920; 8911; 8921; 8923
8926; 8929; 8934; 8931; 8940; 8935; 8925; 8932; 8938; 8941; 8942; 8937; 8939; 8927; 8936; 8933; 8924; 8928; 8930
8945; 8962; 8955; 8965; 8959; 8961; 8943; 8951; 8952; 8948; 8946; 8949; 8963; 8950; 8956; 8944; 8960; 8953; 8958; 8964; 8947; 8954; 8957
8978; 8967; 8973; 8971; 8977; 8975; 8969; 8968; 8974; 8972; 8966; 8970; 8976
8994; 8995; 8979; 8987; 8993; 8986; 8988; 8990; 8996; 8992; 8998; 8985; 8997; 8982; 8983; 8980; 8989; 8981; 8991; 8984; 8999
9010; 9016; 9015; 9007; 9006; 9021; 9020; 9005; 9018; 9011; 9019; 9012; 9013; 9001; 9008; 9000; 9017; 9002; 9014; 9003; 9004; 9009
9036; 9028; 9025; 9029; 9027; 9030; 9024; 9026; 9032; 9022; 9031; 9023; 9037; 9034; 9033; 9035
9047; 9041; 9040; 9044; 9048; 9045; 9038; 9046; 9052; 9051; 9039; 9042; 9043; 9050; 9049
9071; 9065; 9069; 9059; 9063; 9066; 9062; 9064; 9068; 9056; 9055; 9058; 9060; 9070; 9067; 9061; 9053; 9057; 9054
9084; 9082; 9073; 9074; 9083; 9080; 9079; 9086; 9072; 9085; 9076; 9075; 9081; 9078; 9077
9095; 9100; 9099; 9088; 9093; 9102; 9087; 9103; 9096; 9091; 9097; 9090; 9098; 9094; 9092; 9101; 9089
9117; 9108; 9107; 9118; 9110; 9105; 9109; 9111; 9114; 9119; 9115; 9112; 9106; 9104; 9113; 9116
9127; 9121; 9129; 9130; 9122; 9124; 9125; 9128; 9126; 9131; 9120; 9123
9149; 9146; 9147; 9144; 9139; 9135; 9141; 9142; 9145; 9140; 9143; 9137; 9132; 9136; 9138; 9148; 9134; 9133
9162; 9151; 9158; 9155; 9164; 9153; 9154; 9159; 9163; 9156; 9152; 9161; 9160; 9166; 9167; 9165; 9150; 9157
9186; 9177; 9183; 9176; 9180; 9178; 9170; 9184; 9185; 9187; 9174; 9179; 9173; 9175; 9181; 9171; 9172; 9182; 9169; 9168
9200; 9198; 9202; 9190; 9204; 9189; 9196; 9191; 9201; 9203; 9194; 9199; 9206; 9188; 9195; 9192; 9193; 9205; 9197
9208; 9215; 9216; 9209; 9217; 9220; 9210; 9219; 9213; 9221; 9218; 9207; 9214; 9211; 9212
9229; 9226; 9238; 9234; 9241; 9239; 9225; 9230; 9240; 9237; 9231; 9222; 9228; 9233; 9232; 9236; 9235; 9224; 9223; 9227
9243; 9245; 9256; 9242; 9257; 9246; 9254; 9252; 9255; 9248; 9259; 9249; 9247; 9244; 9251; 9253; 9258; 9250
9277; 9271; 9267; 9272; 9260; 9269; 9274; 9261; 9263; 9265; 9273; 9276; 9266; 9262; 9275; 9264; 9270; 9268
9287; 9294; 9295; 9282; 9278; 9283; 9288; 9286; 9280; 9292; 9293; 9289; 9281; 9291; 9284; 9290; 9285; 9279
9303; 9301; 9299; 9314; 9313; 9298; 9309; 9304; 9312; 9306; 9297; 9305; 9311; 9310; 9307; 9300; 9296; 9302; 9308
9329; 9333; 9321; 9327; 9331; 9332; 9316; 9322; 9317; 9323; 9315; 9319; 9325; 9320; 9318; 9324; 9328; 9326; 9330
9341; 9335; 9346; 9339; 9338; 9345; 9337; 9334; 9340; 9344; 9342; 9347; 9343; 9336
9348; 9363; 9352; 9351; 9361; 9356; 9353; 9350; 9354; 9358; 9355; 9357; 9360; 9349; 9359; 9364; 9362
9384; 9382; 9380; 9367; 9369; 9386; 9383; 9385; 9365; 9372; 9366; 9379; 9378; 9376; 9375; 9374; 9368; 9388; 9377; 9373; 9371; 9370; 9381; 9387
9396; 9404; 9394; 9392; 9406; 9397; 9390; 9403; 9402; 9399; 9393; 9395; 9400; 9401; 9405; 9391; 9389; 9398
9415; 9420; 9409; 9414; 9408; 9411; 9407; 9417; 9410; 9413; 9422; 9421; 9416; 9412; 9419; 9418; 9423
9429; 9427; 9432; 9435; 9433; 9431; 9424; 9428; 9426; 9434; 9430; 9425
9436; 9453; 9452; 9455; 9456; 9444; 9446; 9445; 9448; 9440; 9449; 9441; 9439; 9437; 9457; 9442; 9458; 9438; 9443; 9454; 9447; 9451; 9450
9462; 9475; 9467; 9471; 9461; 9459; 9465; 9464; 9469; 9466; 9480; 9479; 9472; 9470; 9460; 9473; 9463; 9474; 9477; 9468; 9476; 9481; 9478
9483; 9496; 9492; 9497; 9499; 9494; 9487; 9488; 9495; 9486; 9482; 9498; 9493; 9484; 9491; 9489; 9490; 9485
9509; 9500; 9510; 9501; 9506; 9502; 9505; 9507; 9504; 9508; 9503
9513; 9516; 9511; 9512; 9515; 9525; 9522; 9532; 9527; 9529; 9530; 9523; 9514; 9519; 9524; 9526; 9531; 9521; 9528; 9517; 9520; 9518
9534; 9539; 9540; 9536; 9541; 9537; 9544; 9545; 9549; 9547; 9550; 9542; 9548; 9533; 9538; 9546; 9543; 9535
9553; 9561; 9555; 9557; 9554; 9560; 9556; 9551; 9552; 9558; 9562; 9563; 9559
9576; 9565; 9568; 9578; 9567; 9580; 9572; 9575; 9564; 9566; 9579; 9577; 9569; 9571; 9570; 9574; 9573
9593; 9591; 9585; 9589; 9588; 9581; 9582; 9592; 9595; 9590; 9586; 9584; 9583; 9596; 9587; 9594
9600; 9608; 9609; 9610; 9601; 9599; 9612; 9602; 9611; 9607; 9603; 9604; 9598; 9605; 9597; 9606
9614; 9619; 9623; 9625; 9632; 9613; 9626; 9629; 9624; 9622; 9617; 9631; 9615; 9630; 9618; 9621; 9628; 9627; 9616; 9620
9644; 9646; 9640; 9634; 9642; 9637; 9643; 9638; 9648; 9649; 9635; 9636; 9633; 9645; 9651; 9647; 9641; 9639; 9650
9655; 9657; 9658; 9659; 9662; 9652; 9654; 9653; 9656; 9660; 9661
9672; 9673; 9674; 9663; 9664; 9668; 9671; 9678; 9677; 9665; 9679; 9666; 9667; 9682; 9675; 9670; 9680; 9681; 9669; 9676
9697; 9689; 9686; 9690; 9694; 9684; 9699; 9683; 9685; 9696; 9695; 9693; 9687; 9688; 9691; 9701; 9700; 9698; 9702; 9692
9716; 9723; 9703; 9709; 9710; 9721; 9707; 9708; 9706; 9717; 9713; 9705; 9722; 9714; 9719; 9704; 9711; 9720; 9715; 9712; 9718
9725; 9731; 9724; 9727; 9730; 9729; 9728; 9732; 9726
9752; 9733; 9749; 9740; 9746; 9739; 9747; 9745; 9750; 9743; 9734; 9751; 9742; 9738; 9736; 9753; 9735; 9741; 9748; 9737; 9744
9758; 9765; 9763; 9759; 9762; 9769; 9761; 9772; 9756; 9768; 9755; 9764; 9770; 9767; 9754; 9760; 9766; 9757; 9771
9785; 9789; 9776; 9773; 9781; 9783; 9775; 9774; 9780; 9787; 9777; 9779; 9786; 9778; 9782; 9784; 9788
9801; 9797; 9798; 9793; 9796; 9799; 9795; 9803; 9791; 9802; 9794; 9790; 9800; 9792
9811; 9813; 9804; 9810; 9809; 9808; 9807; 9814; 9812; 9806; 9805
9832; 9829; 9818; 9823; 9830; 9834; 9815; 9827; 9822; 9825; 9831; 9835; 9826; 9833; 9819; 9836; 9817; 9824; 9816; 9821; 9820; 9828
9842; 9846; 9852; 9854; 9841; 9837; 9840; 9843; 9855; 9850; 9845; 9849; 9839; 9856; 9838; 9848; 9853; 9847; 9844; 9851
9874; 9862; 9870; 9863; 9871; 9857; 9858; 9864; 9861; 9859; 9873; 9869; 9872; 9868; 9865; 9867; 9860; 9866
9888; 9880; 9889; 9882; 9883; 9890; 9875; 9891; 9884; 9881; 9879; 9886; 9885; 9877; 9887; 9878; 9876
9907; 9899; 9902; 9895; 9900; 9897; 9898; 9896; 9906; 9904; 9893; 9901; 9894; 9905; 9908; 9910; 9903; 9892; 9909
9921; 9923; 9913; 9928; 9925; 9912; 9927; 9916; 9915; 9922; 9917; 9924; 9911; 9919; 9920; 9918; 9914; 9926
9940; 9945; 9936; 9946; 9942; 9939; 9937; 9931; 9938; 9932; 9943; 9947; 9935; 9944; 9948; 9941; 9933; 9930; 9934; 9929
9954; 9949; 9957; 9958; 9950; 9955; 9956; 9952; 9959; 9951; 9953; 9960
9975; 9971; 9966; 9967; 9977; 9964; 9979; 9961; 9963; 9973; 9972; 9981; 9976; 9980; 9965; 9970; 9982; 9978; 9962; 9969; 9974; 9968
9994; 9986; 9983; 9989; 9999; 9998; 9992; 9993; 9985; 10001; 9990; 10000; 9997; 9987; 9984; 9995; 9988; 9991; 9996
